1000
5130
3800
3610
7940
2760
7790
9270
6370
7190
2320
6350
5610
3560
1900
1090
4700
9800
4010
3250
2950
1470
5670
4240
6440
900
1840
5280
600
7890
7650
6110
2660
6470
3090
8660
2980
8680
3120
3840
1570
8470
3080
7720
4900
7810
9770
4160
3550
720
2090
5800
8790
6930
5850
5170
1970
1920
6530
7340
3620
1250
5650
8300
5300
5870
1500
2330
1040
300
5260
7610
5390
4040
6390
310
3490
450
2220
6780
2850
840
8780
3590
2130
3760
6600
6840
9600
9790
3390
6660
5560
2940
5860
1890
7270
5350
4740
2610
5750
7370
7660
5950
290
4280
1780
9010
2540
3660
610
2890
9520
8150
8890
210
6180
8330
4470
10
4170
2310
5470
5250
1690
3400
2470
3990
5110
4670
8650
5450
4680
2900
7970
1110
70
690
1030
6650
6240
2920
5590
8060
5730
2380
4640
8600
8800
830
4290
7060
9680
6290
6540
7850
3730
8310
1580
6360
2300
5660
8570
9160
9440
2350
5910
4600
2100
6890
8530
180
7380
4930
1440
4070
6150
9510
2170
7870
930
670
1680
2930
20
9500
4060
5360
500
8960
1360
1880
3790
6300
1060
9420
1710
9000
2180
9230
7750
5980
9660
3190
4720
9330
5230
4660
140
3320
6810
9530
4620
1160
5960
4260
8560
7300
7950
4800
6140
7330
240
2800
2640
3180
100
6310
3010
1370
6230
9890
3240
5000
5040
910
1600
6940
6050
1720
5840
8340
5190
7130
4910
2700
2770
9690
4520
4350
2910
860
2790
9220
4780
7740
7000
5920
4730
3870
1290
3940
3380
6730
9400
1990
2520
370
970
7250
1070
220
2260
2210
2970
8020
1640
4830
8810
8200
330
1390
6400
9470
2730
1220
5520
3200
9820
8520
2960
770
2500
7820
7880
9720
8540
8090
6550
5710
7620
30
8830
6570
5030
6320
630
3580
6590
7180
6850
4000
2630
3020
4970
4500
2560
8940
6340
3070
8880
6040
1660
9130
9860
9560
1560
2720
3340
9100
2010
380
3690
4920
2390
880
6560
1350
9540
7730
5780
6820
9250
4960
7700
6210
3970
5600
870
6910
1740
7990
9760
7390
7930
6760
6460
3470
5990
6190
1130
5490
3890
9840
3220
7120
8230
8250
60
9430
6750
1960
7550
8510
680
7140
3360
4360
8840
340
1000
7290
9620
1320
9930
7240
9950
3450
7160
5580
2550
8270
5400
2670
7040
7050
4100
5740
960
7210
9110
9990
7920
9480
4190
440
4020
3670
1190
4550
2810
7780
7460
6070
3820
6580
7830
4980
1200
9060
5160
1480
360
5700
520
8070
1050
8850
8580
1450
5330
7910
4320
4570
410
9360
5510
7670
3960
8700
7510
7770
9290
50
1310
5440
8260
2740
9450
1940
5640
5720
4220
5570
7540
230
40
4490
9210
4080
6410
9150
9030
2860
4370
9460
8120
6120
1330
7070
8720
2460
4870
800
7420
2430
7590
4940
1810
6800
780
8040
5620
8920
560
9280
790
6510
3530
6860
1930
4390
9670
3170
8400
8480
1020
3420
5380
990
1510
4430
5180
6330
270
2000
1100
9650
9920
6680
9040
3260
7800
8860
6260
1260
9050
9300
9550
8370
3570
7530
6000
90
3830
6920
5460
1180
6960
3950
4300
8290
6130
5050
5200
3600
3500
490
3900
2680
2250
4760
390
5820
4050
1910
4460
7600
2200
9960
6630
6830
4410
9970
3720
4200
7440
7450
6950
1140
4150
2420
4140
3290
1950
2440
400
4420
6640
7110
8420
5310
9900
950
8590
2650
5240
590
5680
7010
430
7760
820
5290
8430
2110
890
2030
1120
8770
8360
8970
3510
3280
2050
5430
1980
8110
9240
9880
6100
1280
6500
4560
6450
7860
3110
9980
6080
1210
2410
1410
5480
5120
1380
3710
4540
9640
3030
9380
5810
480
6010
8180
4790
4120
2080
5760
6690
2240
3350
2360
7200
7630
9180
1630
6170
8710
4770
1770
3430
8610
6430
8980
320
1170
8410
1530
730
8140
8490
9370
5940
5690
3860
5410
4510
1670
170
8030
6990
9730
8620
1620
2270
6380
2370
7480
200
2620
260
8160
2340
8080
1520
7470
740
5550
9260
8760
9140
8460
9170
3740
7980
3520
9310
1010
6970
4860
3040
760
3140
3750
4180
8910
7680
7170
3270
6480
2150
3310
2510
5100
7710
6030
2870
1300
150
8190
2140
280
3150
2190
9340
2990
5220
4610
9580
1590
8050
6270
1490
8390
6710
7150
1800
9830
1820
6620
3000
550
9590
700
7570
1870
1850
1400
8220
8440
7960
120
2450
9850
2820
2060
4450
2290
6740
9610
8380
9350
5630
3210
8320
4030
9570
130
4110
110
6160
510
7560
6870
810
7500
4210
9740
1240
9750
8100
1860
6770
4270
7260
8130
8690
8500
1540
1730
7410
5140
9320
940
2280
4810
4850
6020
1150
6250
650
3330
4690
2840
9080
3230
2710
8640
7580
3130
0
4340
7320
7100
4530
4250
2070
4440
8550
5320
5370
7520
2400
4590
6670
9410
5080
6220
4820
620
5090
2780
4880
7900
3440
8870
80
7690
5970
1420
3700
2750
2530
6700
5060
5530
1790
6280
2590
4400
6090
8990
2880
7840
1700
5930
7230
6200
2120
7030
9120
3540
5500
4650
7360
6790
8950
7090
8240
190
8280
6490
4230
660
2480
1830
5890
5020
8450
2570
9780
9090
3850
7280
3770
1230
3300
5540
9630
350
5830
6980
9710
8670
8900
7310
4750
3050
3880
6610
3460
920
5770
5790
5010
1650
1270
980
6060
570
750
4310
5210
420
9870
5270
2580
3640
4950
1080
8750
8350
9810
1750
2490
7350
4480
5340
9390
2230
7400
9940
2160
580
2020
4710
5150
1430
5900
1760
7430
3100
4990
7640
6900
6720
8740
3930
8630
1550
7220
6880
250
9910
9200
6420
4130
9190
3780
3370
3160
8170
3480
1460
2830
3060
4890
3630
850
3980
4580
8210
640
7020
160
2600
8820
9020
4380
4630
470
3410
3650
2690
5070
3920
1610
4330
7080
5420
540
8000
3910
7490
8010
460
8730
9490
8930
4090
3680
530
1340
5880
4840
9070
3810
6520
710
9700
2040
